1.0	0.0	0.0
-1.0	0.0	0.0
0.0	1.0	0.0
0.0	0.0	1.0
0.0	-1.0	0.0
0.0	0.0	-1.0
0.478369034182773	0.878158907678468	0.0
-0.478369034182779	0.878158907678465	0.0
0.478369034182773	-0.878158907678468	0.0
-0.478369034182779	-0.878158907678465	0.0
0.878158907678468	0.478369034182774	0.0
-0.878158907678465	0.478369034182779	0.0
0.878158907678468	-0.478369034182774	0.0
-0.878158907678465	-0.478369034182779	0.0
0.478369034182775	0.0	0.878158907678467
-0.478369034182775	0.0	0.878158907678467
0.478369034182779	0.0	-0.878158907678465
-0.478369034182779	0.0	-0.878158907678465
0.878158907678468	0.0	0.478369034182773
-0.878158907678468	0.0	0.478369034182773
0.878158907678465	0.0	-0.478369034182779
-0.878158907678465	0.0	-0.478369034182779
0.0	0.478369034182775	0.878158907678467
0.0	-0.478369034182775	0.878158907678467
0.0	0.478369034182779	-0.878158907678465
0.0	-0.478369034182779	-0.878158907678465
0.0	0.878158907678468	0.478369034182773
0.0	-0.878158907678468	0.478369034182773
0.0	0.878158907678465	-0.478369034182779
0.0	-0.878158907678465	-0.478369034182779
0.577350269189626	0.577350269189625	0.577350269189626
-0.577350269189623	0.577350269189629	0.577350269189626
0.185115645949504	0.185115645949504	0.965124031018499
-0.185115645949503	0.185115645949505	0.965124031018499
0.185115645949508	0.965124031018498	0.185115645949501
-0.185115645949505	0.965124031018499	0.185115645949501
0.965124031018499	0.185115645949504	0.185115645949501
-0.965124031018499	0.185115645949505	0.185115645949501
0.690421046775566	0.690421046775566	0.215957302119337
-0.690421046775563	0.69042104677557	0.215957302119337
0.690421046775566	0.215957302119334	0.690421046775567
-0.690421046775567	0.215957302119332	0.690421046775567
0.215957302119334	0.690421046775567	0.690421046775567
-0.215957302119332	0.690421046775567	0.690421046775567
0.395689485414787	0.395689485414787	0.828769969451332
-0.395689485414785	0.395689485414789	0.828769969451332
0.395689485414788	0.828769969451333	0.395689485414784
-0.395689485414785	0.828769969451334	0.395689485414784
0.828769969451333	0.395689485414787	0.395689485414784
-0.828769969451334	0.395689485414785	0.395689485414784
0.577350269189626	-0.577350269189625	0.577350269189626
-0.577350269189623	-0.577350269189629	0.577350269189626
0.185115645949504	-0.185115645949504	0.965124031018499
-0.185115645949503	-0.185115645949505	0.965124031018499
0.185115645949508	-0.965124031018498	0.185115645949501
-0.185115645949505	-0.965124031018499	0.185115645949501
0.965124031018499	-0.185115645949504	0.185115645949501
-0.965124031018499	-0.185115645949505	0.185115645949501
0.690421046775566	-0.690421046775566	0.215957302119337
-0.690421046775563	-0.69042104677557	0.215957302119337
0.690421046775566	-0.215957302119334	0.690421046775567
-0.690421046775567	-0.215957302119332	0.690421046775567
0.215957302119334	-0.690421046775567	0.690421046775567
-0.215957302119332	-0.690421046775567	0.690421046775567
0.395689485414787	-0.395689485414787	0.828769969451332
-0.395689485414785	-0.395689485414789	0.828769969451332
0.395689485414788	-0.828769969451333	0.395689485414784
-0.395689485414785	-0.828769969451334	0.395689485414784
0.828769969451333	-0.395689485414787	0.395689485414784
-0.828769969451334	-0.395689485414785	0.395689485414784
0.577350269189628	0.577350269189627	-0.577350269189622
-0.577350269189625	0.57735026918963	-0.577350269189622
0.185115645949503	0.185115645949503	-0.965124031018499
-0.185115645949502	0.185115645949504	-0.965124031018499
0.185115645949508	0.965124031018497	-0.185115645949508
-0.185115645949505	0.965124031018498	-0.185115645949508
0.965124031018498	0.185115645949504	-0.185115645949508
-0.965124031018498	0.185115645949505	-0.185115645949508
0.690421046775567	0.690421046775567	-0.215957302119334
-0.690421046775563	0.69042104677557	-0.215957302119334
0.690421046775565	0.215957302119334	-0.690421046775569
-0.690421046775565	0.215957302119331	-0.690421046775569
0.215957302119334	0.690421046775565	-0.690421046775569
-0.215957302119331	0.690421046775565	-0.690421046775569
0.395689485414785	0.395689485414785	-0.828769969451334
-0.395689485414783	0.395689485414787	-0.828769969451334
0.395689485414786	0.828769969451331	-0.395689485414791
-0.395689485414784	0.828769969451332	-0.395689485414791
0.828769969451331	0.395689485414786	-0.395689485414791
-0.828769969451332	0.395689485414784	-0.395689485414791
0.577350269189628	-0.577350269189627	-0.577350269189622
-0.577350269189625	-0.57735026918963	-0.577350269189622
0.185115645949503	-0.185115645949503	-0.965124031018499
-0.185115645949502	-0.185115645949504	-0.965124031018499
0.185115645949508	-0.965124031018497	-0.185115645949508
-0.185115645949505	-0.965124031018498	-0.185115645949508
0.965124031018498	-0.185115645949504	-0.185115645949508
-0.965124031018498	-0.185115645949505	-0.185115645949508
0.690421046775567	-0.690421046775567	-0.215957302119334
-0.690421046775563	-0.69042104677557	-0.215957302119334
0.690421046775565	-0.215957302119334	-0.690421046775569
-0.690421046775565	-0.215957302119331	-0.690421046775569
0.215957302119334	-0.690421046775565	-0.690421046775569
-0.215957302119331	-0.690421046775565	-0.690421046775569
0.395689485414785	-0.395689485414785	-0.828769969451334
-0.395689485414783	-0.395689485414787	-0.828769969451334
0.395689485414786	-0.828769969451331	-0.395689485414791
-0.395689485414784	-0.828769969451332	-0.395689485414791
0.828769969451331	-0.395689485414786	-0.395689485414791
-0.828769969451332	-0.395689485414784	-0.395689485414791

